Grade
86.3
71.6
73.3
72.6
65.3
77.9
76.6
67.0
81.2
92.3
74.2
76.7
66.1
50.2

74.2
56.6
77.8
63.2
72.3
89.4
62.8
89.4
82.5
73.2
68.3
90.2
69.9
87.0
72.8
80.6
64.9
64.3
59.3
Gotcha!
71.0
67.5
55.0
76.5
72.3
74.3
78.0
88.8
62.3
84.9
75.2
89.3
'92.3' I'm a number!
71.4
90.5
80.5
82.8
82.5
67.5
90.9
63.9
61.5
84.9
82.4
69.7
72.5
73.5
56.4
66.6
77.6
78.8
82.9
58.9
82.6
Eighty-eight point six
88.8
62.1
72.2
88.8
87.2
78.7
98.3
81.8
85.0
73.7
73.7
83.2
87.0
74.4
85.9
67.0
80.3
81.2
78.8
81.2
69.5
75.9
67.0
77.9
78.6
75.6
76.3
75.6
68.6
84.7
79.8

